14 0.31142857142857144 0.1457883369330453 0.2792857142857143 0 0.23257142857142854 0.02354211663066956 0.2647142857142856 0.16933045356371484
14 0.3334680025856496 0.182715518505126 0.28875242404654167 -0.006577211379650698 0.23332255979314803 0.023352520938596397 0.27803813833225594 0.2126452508233731
14 0.345546218487395 0.26127556854275186 0.3019327731092437 0.1513784779570575 0.2683193277310924 0.1818701562698513 0.31193277310924367 0.29176724685554567
14 0.27659909056460785 0.2836219786767191 0.2650341038272073 0.20056888817594856 0.24044713906782875 0.20839468121064902 0.25201212580522925 0.29144777171141956
14 0.2944342762063228 0.25594132169925576 0.274765866413121 0.21055440356784774 0.2598763964820537 0.22530304064859508 0.2795448062752555 0.2706899587800031
14 0.3062 0.281036717062635 0.2886 0.27723542116630673 0.2856571428571429 0.3083801295896329 0.30325714285714284 0.3121814254859612
14 0.31785714285714284 0.33153347732181426 0.30357142857142855 0.33153347732181426 0.30357142857142855 0.3833693304535637 0.31785714285714284 0.3833693304535637
14 0.2592857142857143 0.29049676025917925 0.24357142857142858 0.29049676025917925 0.24357142857142858 0.33369330453563717 0.2592857142857143 0.33369330453563717
14 0.26081054473856935 0.3973222111603201 0.2402898709253993 0.38934441140574 0.23090789761540148 0.4445060015413162 0.2514285714285715 0.4524838012958964
14 0.21176253862609937 0.35697164193586645 0.18741977656287137 0.30079816576404333 0.1673258854290468 0.32070199775032976 0.19166864749227475 0.3768754739221528
14 0.22278307808184789 0.2126537785588753 0.20285714285714285 0.2062634989200864 0.19435977906100932 0.2668278629098073 0.21428571428571433 0.27321814254859617
14 0.2092857142857143 3.666412244935305e-17 0.18675824142857145 3.457862155635466e-17 0.18675824142857145 0.037796976241900676 0.2092857142857143 0.03779697624190068
14 0.23114911366006258 0.05126988381075504 0.21344004171011474 0.050546262868313645 0.21229092805005215 0.1148271349970835 0.23 0.1155507559395249
14 0.319293077903674 0.05100086862855712 0.3031136810158878 -0.012598490058124228 0.281447877142857 0 0.29762727403064326 0.06359935868668135
14 0.35007389162561575 0.17036568109034037 0.3369704433497537 0.12083860877336713 0.32428571428571434 0.1285097192224622 0.33738916256157636 0.17803679153943544
14 0.35978010182175063 0.5848457842565381 0.35 0.5086393088552916 0.32764337851929093 0.5151976163074837 0.3374234803410416 0.5914040917087302
14 0.4195241223953445 0.9147052729868339 0.4095992115637319 0.3294999474943451 0.3171691383517928 0.33308310368022076 0.32709404918340534 0.9182884291727096
14 0.31214285714285717 0.8272138228941684 0.30714285714285716 0.808855291576674 0.2972273879966188 0.8150280521936946 0.3022273879966188 0.833386583511189
14 0.3467868852459017 0.7832418652409446 0.3400000000000001 0.7570194384449244 0.33186651053864175 0.7618312502212938 0.33865339578454334 0.7880536770173141
14 0.2807142857142857 0.9999999999999999 0.27714285714285714 0.9751619870410367 0.2654402708535327 0.9790082685710053 0.2690116994249613 1.0038462815299685
14 0.354198606271777 0.9826160248643523 0.3514285714285715 0.9449244060475164 0.33904181184668997 0.9470052151925409 0.3418118466898955 0.9846968340093769
14 0.3368815331010453 0.9413685929515883 0.3342857142857143 0.906047516198704 0.322369337979094 0.9080493072749303 0.32496515679442506 0.9433703840278144
14 0.31857142857142856 0.9578833693304536 0.2957142857142858 0.9233261339092874 0.2800000000000001 0.9470842332613394 0.3028571428571429 0.9816414686825053
14 0.34642857142857153 0.9622030237580994 0.32185714285714295 0.9622030237580994 0.32185714285714295 1 0.34642857142857153 1
14 0.3801046769106891 0.9076503940746273 0.3618476145742468 0.8053588873998582 0.33582835670670336 0.8159738954091752 0.35408541904314567 0.9182654020839442