14 0.2813033998223371 0.8572615490930315 0.26743075183719617 0.7869377459413197 0.16945409028506828 0.8311165293322607 0.18332673827020918 0.9014403324839725
14 0.3100819720819721 0.8336475036259056 0.2899010989010989 0.7510882206346571 0.16493465993465994 0.8209117075207789 0.18511553311553314 0.9034709905120274
14 0.3625350511557408 0.7814707449398745 0.34144751799924217 0.7325853189039309 0.2695017051913604 0.8035244713579414 0.29058923834785905 0.852409897393885
14 0.3585714285714286 0.849892008639309 0.3475941206807633 0.824075445805491 0.2996879834966478 0.8706364862652145 0.310665291387313 0.8964530490990325
14 0.34713229469236867 0.8361026496808167 0.34164246105096385 0.8127118407237218 0.3079165566411408 0.830804884962253 0.31340639028254563 0.8541956939193478
14 0.3757714285714287 0.7974514038876891 0.35517142857142864 0.793002159827214 0.35265714285714295 0.8196112311015119 0.37325714285714295 0.8240604751619872
14 0.4228571428571429 0.775377969762419 0.38857142857142857 0.775377969762419 0.38857142857142857 0.796976241900648 0.4228571428571429 0.796976241900648
14 0.3903135100193924 0.8857637090390236 0.3895830639948287 0.8625724421684275 0.3611441499676794 0.864619880183341 0.36187459599224303 0.887811147053937
14 0.4685714285714286 0.8758099352051837 0.43208597681032596 0.8616255263131783 0.4268092321155109 0.8926503031365455 0.4632946838766134 0.9068347120285508
14 0.4185164835164835 0.9658581159661072 0.4051098901098901 0.9354543944176773 0.3681868131868133 0.9726698787173949 0.3815934065934066 1.0030736002658247
14 0.35 0.9319654427645788 0.30994099924679896 0.919118456463729 0.30571428571428577 0.949244060475162 0.3457732864674868 0.9620910467760118
14 0.1978939617083947 0.9569481864131283 0.19089837997054493 0.929449355391775 0.14705449189985273 0.9549442230188596 0.1540500736377025 0.9824430540402129
14 0.24571428571428575 0.908207343412527 0.20319708029197087 0.9064700225441819 0.20271845672575609 0.9332439974145136 0.245235662148071 0.9349813182828587
14 0.10428571428571437 0.9622030237580996 0.08428571428571432 0.9319654427645789 0.05214285714285723 0.980561555075594 0.07214285714285726 1.0107991360691146
14 0.1579739776951673 0.8148891583097145 0.15389537971322356 0.7676138325290854 0.07804301646309081 0.7825720410768626 0.08212161444503453 0.8298473668574917
14 0.21124305431080836 0.804707718740092 0.20253181573758736 0.7722208823043216 0.1425452590069905 0.8089880789461561 0.1512564975802115 0.8414749153819264
14 0.1757970966677664 0.7199217873193701 0.1716786539096008 0.6992757346155957 0.10603893104585947 0.7292050538959193 0.11015737380402509 0.7498511065996937
14 0.07231947615042655 0.7891361962699841 0.06518923465096721 0.7501621232790864 0.003947494893668144 0.7757721518527465 0.011077736393127497 0.8147462248436442
14 0.11342094211520963 0.7663492359121805 0.10271540561349478 0.7143853381489402 0.0013547280744733265 0.7621174137524166 0.012060264576188168 0.8140813115156569
14 0.2864567140176897 0.7417669250625053 0.280144733315465 0.7233172190502432 0.2489761458054141 0.7476912541180569 0.2552881265076387 0.7661409601303191
14 0.5608461538461537 0.7437115799966774 0.5541868131868131 0.7067951486957967 0.5057142857142857 0.726781857451404 0.5123736263736264 0.7636982887522845
14 0.7763260165527169 0.7634499567490521 0.7748646995322058 0.6242618776895834 0.3877060093558834 0.6335529429685928 0.38916732637639434 0.7727410220280615
14 0.7185714285714287 0.8002159827213824 0.7164285714285716 0.7840172786177108 0.7037912087912088 0.7878385113806281 0.7059340659340659 0.8040372154842998
14 0.69 0.7419006479481642 0.6859999999999999 0.7298056155507558 0.67 0.7419006479481641 0.674 0.7539956803455725
14 0.8374309392265196 0.8495280598546593 0.836787687450671 0.8310502010667875 0.8141436464088397 0.8328520458694796 0.8147868981846883 0.8513299046573514
14 0.8202920284135754 0.7394902330465497 0.8196448303078139 0.72089901316182 0.7942265193370167 0.7229216137847094 0.7948737174427783 0.7415128336694391
14 0.7933112055231014 0.764442339036669 0.7917180031864046 0.7459754149036109 0.7685714285714286 0.7505399568034559 0.7701646309081254 0.769006880936514
14 0.8963887185775598 0.8109780402117187 0.892495401594114 0.7862558978114368 0.8657142857142858 0.7958963282937364 0.8696076026977315 0.8206184706940183
14 0.8178991596638655 0.8021217126159319 0.8069327731092437 0.7744886291449626 0.7785714285714286 0.8002159827213823 0.7895378151260504 0.8278490661923515
14 0.855 0.7343412526997841 0.8063715710723193 0.7306652375540631 0.8051442821517636 0.7677754856918182 0.8537727110794443 0.7714515008375392
14 1.0002927400468384 0.6959954679035514 0.9576580796252927 0.6901356088234254 0.9552927400468384 0.7294727897178063 0.997927400468384 0.7353326487979323
14 0.7766358253145819 0.7208451303170359 0.7697705403404885 0.6814031043319644 0.7019133974833456 0.7084009445047506 0.7087786824574389 0.7478429704898221
14 0.9603781512605042 0.7417735992885276 0.8753361344537816 0.7096302884004575 0.8657563025210083 0.7675644771947658 0.9507983193277311 0.7997077880828359