14 0.7649718939602447 0.6244104119829249 0.5609226558137463 0.5465462001537803 0.49409994108294897 0.964247457550255 0.6981491792294474 1.0421116693793995
14 0.41662585520419615 0.6958172604190305 0.28490359516335195 0.5396906436729446 0.17621858945790952 0.7584146433703955 0.3079408494987537 0.9145412601164815
14 0.5910753541882788 0.2791280583029673 0.4145227493174643 0.27634565330557004 0.4097541747965501 0.9980958991266122 0.5863067796673646 1.0008783041240095
14 0.3705035971223022 0.6388888888888888 0.17625899280575544 0.6388888888888888 0.17625899280575547 1 0.37050359712230224 1
14 0.4381840193780088 0.14968519589464777 0.19074770125327417 -0.04194127612518261 0.12836545847185904 0.15019683056450597 0.3758017765965937 0.34182330258433635
14 0.3240480786102825 0.3207317073170731 0.22695209685909812 0.2236991869918699 0.18651517810142132 0.3202168021680216 0.2836111598526057 0.4172493224932249
14 0.2446043165467626 0.6083333333333333 0.21762589928057552 0.5388888888888889 0.1954083791790097 0.5594771241830064 0.22238679644519674 0.628921568627451
14 0.34275711103714895 0.5510181890075128 0.2140287769784173 0.4888888888888889 0.19482705650426282 0.5837880585211546 0.3235553905629945 0.6459173586397786
14 0.4363309352517986 0.4255555555555556 0.21079136690647485 0.30944444444444447 0.1784172661870504 0.45944444444444454 0.40395683453237413 0.5755555555555557
14 0.7277297706895677 0.4180375269570472 0.7145733036515526 0.04938496723946099 0.6001528854799705 0.05912521806019146 0.6133093525179855 0.4277777777777777
14 0.7194244604316546 1.2074973760523734e-16 0.5574054532374101 1.0542760863854653e-16 0.5574054532374101 0.43888888888888905 0.7194244604316546 0.43888888888888905
14 0.5337567250093012 0.3211488798502163 0.4698206902336353 -0.03792622454645232 0.3446634075763213 0.015230854671056903 0.40859944235198714 0.3743059590677255