14 0.7594575342465754 0.6484712328767125 0.746241095890411 0.17267945205479449 0.44139999999999996 0.18773333333333334 0.4546164383561644 0.6635251141552513
14 0.8632461984069514 0.14652184407434235 0.8227679942070963 0.08708549360366889 0.6827868211440984 0.2565646150132755 0.7232650253439536 0.31600096548394896
14 0.7104563276737265 0.11819452710193135 0.5776591983196219 0.026867378493494472 0.4908778225100648 0.25120018670867617 0.6236749518641694 0.34252733531711305
14 1.0011012179756407 0.43868794624107543 0.8946598068038641 0.4366311073778527 0.8934090718185638 0.5516987260254796 0.9998504829903402 0.5537555648887024
14 0.9048283261802574 0.44970529327610886 0.8650429184549355 0.2269070100143062 0.6926266094420599 0.28164234620886985 0.7324120171673819 0.5044406294706726
14 1 1.620615930871664e-16 0.874 1.5177455997432863e-16 0.874 0.43333333333333346 1 0.43333333333333346
14 1.0057384615384617 0.5089435897435899 0.6918184615384615 0.48569025641025654 0.6860276923076923 0.624668717948718 0.9999476923076923 0.6479220512820514
14 1.0204287180803284 0.6562424397963986 0.6326099063261903 0.6151101415800506 0.6121156165789813 0.9586334744856496 0.9999344283331195 0.9997657727019976
14 1 0.5840000000000002 0.86 0.5840000000000002 0.86 0.6440000000000001 1 0.6440000000000001
14 0.06000000000000008 0.8133333333333334 7.758137472598483e-17 0.8133333333333334 8.04592947039811e-17 0.876 0.06000000000000009 0.876
14 0.5812716763005781 0.9503121387283239 0.5306589595375721 0.8582890173410406 0.45132369942196526 0.9358612716763006 0.5019364161849712 1.027884393063584
14 0.16400000000000006 0.6653333333333334 0.09975811764705884 0.5901659607843138 -0.020176470588235303 0.7723921568627452 0.044065411764705915 0.8475595294117647
14 0.33709720936384074 0.8375239606753956 0.20296733236344403 0.5326833311290394 0.13085385531014418 0.5890920954018428 0.26498373231054084 0.8939327249481991
14 0.6915861150110312 0.8684545046464763 0.6577027592332597 0.5808591921912456 0.25003094467207243 0.6662463921759644 0.28391430044984384 0.953841704631195