14 0.7516000000000002 0.7557000000000003 0.6644000000000001 0.5813000000000001 0.5622666666666667 0.6962000000000002 0.6494666666666667 0.8706000000000002
14 0.825 0.6300000000000001 0.7633333333333333 0.5375 0.7299999999999999 0.5875000000000001 0.7916666666666666 0.6800000000000003
14 0.6050924415443176 0.24014681892332798 0.31028548123980426 0.22751223491027736 0.30764002175095156 0.36639885807504086 0.602446982055465 0.3790334420880914
14 0.09666666666666666 0.3975 0.09166666666666666 0.365 0.06926966292134833 0.372752808988764 0.0742696629213483 0.40525280898876404
14 0.11110062893081761 0.34047169811320754 0.09915094339622639 0.3082075471698113 0.06745283018867923 0.334622641509434 0.07940251572327045 0.3668867924528302
14 0.17942528735632182 0.3621551724137931 0.16925287356321841 0.32655172413793104 0.13666666666666666 0.3475 0.1468390804597701 0.38310344827586207
14 0.23833333333333334 0.305 0.21089970501474922 0.30225663716814155 0.20985250737463124 0.3258185840707965 0.23728613569321533 0.3285619469026549
14 0.17666666666666664 0.2875 0.150374531835206 0.2783988764044944 0.14644194756554307 0.3039606741573034 0.17273408239700372 0.313061797752809
14 0.2733333333333334 0.2775000000000001 0.2547488584474886 0.26482876712328773 0.24333333333333337 0.30250000000000005 0.26191780821917815 0.3151712328767124
14 0.7535333333333333 0.2571000000000002 0.7401999999999999 0.24210000000000023 0.73 0.26250000000000023 0.7433333333333333 0.2775000000000002
14 0.8212559017941454 0.3083781869688387 0.7733333333333333 0.28250000000000014 0.7667044381491973 0.31012039660056673 0.8146270066100094 0.3359985835694052
14 1.0017364588882969 0.3593423015450188 0.9999589770911029 -0.005930207778369619 -0.0016664890783164444 0.005036494405966969 0.00011099271887764014 0.3703090037293553
14 0.9033333333333333 0.3325 0.902156862745098 0.3095588235294117 0.8766666666666668 0.31249999999999994 0.8778431372549023 0.33544117647058824