14 0.577 0.599 0.5583333333333333 0.5149999999999999 0.5043333333333334 0.5419999999999999 0.523 0.6259999999999999
14 0.3800000000000001 0.92 0.29666666666666675 0.92 0.29666666666666675 1 0.3800000000000001 1
14 0.77 0.6125000000000002 0.6783333333333333 0.5850000000000002 0.6637179487179488 0.6946153846153846 0.7553846153846154 0.7221153846153847
14 0.5893474646716542 0.6804239401496259 0.4780631753948463 0.5293952618453865 0.32304655029093937 0.7863965087281796 0.43433083956774726 0.9374251870324188
14 0.23666666666666666 0.5875 0.18333333333333338 0.5075000000000002 0.14000000000000004 0.5725000000000001 0.19333333333333333 0.6525
14 0.2400684580934101 0.8453685220729368 0.22636148432501604 0.7330767754318619 -0.008397312859884825 0.7975527831094049 0.005309660908509268 0.9098445297504799
14 0.3271383647798742 0.4087735849056604 0.31597484276729565 0.37863207547169814 0.2933333333333334 0.3975 0.304496855345912 0.42764150943396223
14 0.64 0.4025000000000001 0.6383333333333333 0.37 0.612843137254902 0.37294117647058816 0.6145098039215687 0.40544117647058825
14 0.6066666666666667 0.3924999999999999 0.5620820512820512 0.3605153846153845 0.5486564102564102 0.4026230769230768 0.5932410256410257 0.43460769230769225
14 0.5616666666666666 0.32500000000000007 0.4374944071588367 0.29213087248322156 0.426152125279642 0.3885402684563759 0.550324384787472 0.42140939597315447
14 0.22333333333333338 0.4175000000000001 0.195 0.375 0.18333333333333332 0.3925 0.21166666666666673 0.43500000000000005
14 0.2734615384615385 0.3765384615384616 0.2420512820512821 0.3671153846153847 0.23512820512820515 0.4190384615384616 0.26653846153846156 0.42846153846153856