14 0.5918828213879408 0.3352559726962457 0.5784129692832763 0.16351535836177475 0.4816154721274174 0.1805972696245734 0.4950853242320818 0.3523378839590443
14 0.5423563218390804 0.10258620689655178 0.482816091954023 0.06431034482758627 0.45660919540229883 0.15603448275862075 0.5161494252873563 0.19431034482758627
14 0.5918828213879408 0.3352559726962457 0.5784129692832763 0.16351535836177475 0.4816154721274174 0.1805972696245734 0.4950853242320818 0.3523378839590443
14 0.5094308943089431 0.6301829268292685 0.44723577235772355 0.6198170731707318 0.4379674796747967 0.744939024390244 0.5001626016260162 0.7553048780487805
14 0.4606666666666666 0.6705000000000001 0.42333333333333334 0.5025000000000001 0.3673333333333333 0.5305000000000001 0.4046666666666667 0.6985000000000001
14 0.4941733333333333 0.45432 0.4602133333333332 0.38074000000000013 0.42103999999999997 0.42142000000000013 0.455 0.495
14 0.4717895878524945 0.9138503253796096 0.4241757049891539 0.7781507592190892 0.3702530730296456 0.8207212581344904 0.41786695589298617 0.9564208242950109
14 0.3692012578616352 0.9399433962264151 0.3662578616352201 0.8383962264150945 0.32908176100628933 0.8408207547169814 0.33202515723270437 0.9423679245283019
14 0.4067333333333335 0.8668000000000002 0.37500000000000017 0.8600000000000001 0.3684666666666668 0.9286000000000001 0.40020000000000017 0.9354000000000002
14 0.42099999999999993 0.7479999999999998 0.4148666666666666 0.6835999999999999 0.3831333333333333 0.6903999999999999 0.38926666666666665 0.7547999999999999
14 0.3783333333333334 0.65 0.3366666666666668 0.65 0.3366666666666668 0.7175 0.3783333333333334 0.7175
14 0.36956410256410255 0.4582307692307693 0.3515128205128205 0.4508461538461539 0.3402820512820513 0.5126153846153847 0.35833333333333334 0.52