2 0.5194265581484684 0.8506846009795448 0.4262238307884376 0.8470055459521751 0.4204081436665707 0.9943362863728032 0.5136108710266015 0.9980153414001729
2 0.8250047402351157 0.5964874857792947 0.7368055555555556 0.5861111111111111 0.7229356276071293 0.7040054986727341 0.8111348122866894 0.7143818733409176
2 0.6978914921747686 0.4731625183203683 0.6045042482755795 0.46867274697906114 0.594759221679017 0.6713693001875597 0.6881464655782062 0.6758590715288669
2 0.575436012936013 0.5350441787941788 0.5729989604989606 0.45949555324555325 0.5213949526449527 0.46116019866019864 0.5238320050820051 0.5367088242088242
2 0.5038813678299238 0.6679512635379061 0.47059265944644996 0.5373570998796631 0.36170878459687117 0.5651118130766145 0.394997492980345 0.6957059767348576
2 0.4133933933933934 0.4995270270270271 0.3306306306306307 0.47406156156156154 0.2886186186186187 0.6106006006006005 0.3713813813813814 0.6360660660660661
2 0.2131082375478928 0.680632183908046 0.1457758620689656 0.6766714559386973 0.140124521072797 0.7727442528735633 0.20745689655172417 0.776704980842912
2 0.1423546285492027 0.5791196680928304 0.075770614546869 0.5286772332425775 0.04819946842992352 0.5650711461169455 0.11478348243225721 0.6155135809671983
2 0.4127511415525114 0.848913622526636 0.39510654490106545 0.6812899543378995 0.280296803652968 0.6933751902587518 0.29794140030441396 0.8609988584474885
2 0.3024885452462772 0.800442439862543 0.27772424883249625 0.5558950127764561 0.20240659970041414 0.5635221164860341 0.2271708961141951 0.8080695435721209
2 0.22819156591824988 0.8119890616004608 0.22480929763960852 0.7991364421416236 0.2083333333333333 0.8034722222222224 0.21171560161197464 0.8163248416810596
2 0.3105102996254682 0.8247112983770288 0.2910970661672909 0.812578027465668 0.27225343320848944 0.8427278401997504 0.2916666666666667 0.8548611111111111
2 0.26988888888888896 0.7961944444444444 0.2420833333333334 0.7922222222222222 0.23247222222222225 0.8595 0.26027777777777783 0.8634722222222223