2 0.4305555555555556 0.2666666666666667 0.40625 0.2666666666666667 0.40625 0.30416666666666675 0.4305555555555556 0.30416666666666675
2 0.4278808110781404 0.33955448400923177 0.42066848005275304 0.3137961589185625 0.3950647049126277 0.3209652159577976 0.4022770359380151 0.3467235410484669
2 0.774215502909393 0.4197267248545303 0.7726153366583539 0.38772339983374887 0.7465347049044057 0.38902743142144625 0.7481348711554447 0.42103075644222765
2 0.7696056192295447 0.2517808818847502 0.7352932983126392 0.24224968163005423 0.7277917064629098 0.26925541228907995 0.7621040273798153 0.27878661254377596
2 0.7668366758875057 0.4483805901337023 0.7234756800368832 0.4232768556938682 0.7094974642692484 0.4474210465652375 0.7528584601198708 0.4725247810050716
2 0.6232101947308132 0.5002076174112258 0.6094286941580755 0.46437571592210786 0.5642898052691867 0.48173682703321885 0.5780713058419245 0.5175687285223368
2 0.39622040072859754 0.38897996357012754 0.3652163023679418 0.3816848816029144 0.3544512750455374 0.427436247723133 0.3854553734061931 0.4347313296903461
2 0.7527777777777778 0.47361111111111126 0.7159722222222222 0.47361111111111126 0.7159722222222222 0.5180555555555557 0.7527777777777778 0.5180555555555557
2 0.3102761565067012 0.4036370514483355 0.2725005404236921 0.36082468655425853 0.24686824470384777 0.3834414180717683 0.2846438607868569 0.42625378296584526
2 0.6843177228953091 0.2271467588277934 0.6560687843015429 0.22096730351040708 0.6368146163404784 0.3089863570467019 0.6650635549342445 0.3151658123640883
2 0.64862106918239 0.44911792452830196 0.6152216981132076 0.36176572327044026 0.5815068134171908 0.37465670859538786 0.6149061844863731 0.46200890985324955
2 0.5201865760610396 0.38950584167858854 0.48145624701955186 0.38608845970433964 0.4755120410109681 0.4534561278016214 0.5142423700524559 0.4568735097758704
2 0.24377461756892924 0.34065791884217284 0.1398999267197948 0.25601928185398926 0.11022602363286621 0.29243725382431074 0.21410071448200066 0.3770758908124944
2 0.5756814154680008 0.3530344486137169 0.548813060245987 0.26859104648738796 0.496243746091307 0.28531764644569524 0.5231121013133208 0.36976104857202424