2 0.9756944444444444 9.329427351837824e-17 0.16250000000000003 4.350047484471328e-17 0.1625000000000001 1 0.9756944444444444 1
2 0.48880158608497964 0.6374246535677724 0.4622670244389582 0.5509147128588257 0.020049692339136962 0.6865528021163338 0.04658425398515846 0.7730627428252805
2 0.21808464052287582 0.6249830065359478 0.21409248366013073 0.5637699346405229 0.0897872549019608 0.5718767973856209 0.09377941176470589 0.6330898692810459
2 0.20968580644396226 0.5096654738893435 6.167905692361981e-17 0.5034722222222222 -0.0021025788497949795 0.5746595347081401 0.20758322759416722 0.5808527863752614
2 0.2979166666666667 0.3486111111111111 0.043055555555555604 0.3486111111111111 0.04305555555555562 0.4861111111111111 0.2979166666666667 0.4861111111111111
2 0.3590277777777778 0.21388888888888893 0.10138888888888893 0.21388888888888888 0.10138888888888893 0.33333333333333337 0.3590277777777778 0.3333333333333334
2 0.3576388888888889 0.04722222222222224 0.0513888888888889 0.04722222222222222 0.05138888888888891 0.2388888888888889 0.3576388888888889 0.23888888888888893
2 0.3484887737478411 0.8935628957973519 0.3103842832469776 0.7487658318940703 0.09585492227979273 0.8052209268854347 0.13395941278065632 0.9500179907887163
2 0.9993055555555556 1.120892000886258e-16 0.8208333333333333 1.0116092830456781e-16 0.8208333333333333 0.3736111111111113 0.9993055555555556 0.3736111111111113
2 1.000001229093126 0.9998598765553489 0.9992222230416175 0.648528147325111 0.9135549920846403 0.6487180968394279 0.9143339981361487 1.0000498260696662
2 0.9649398467432951 0.8406940613026821 0.8608877394636016 0.8168749042145595 0.8194444444444446 0.9979166666666668 0.923496551724138 1.0217358237547893
2 0.4516138835130403 0.33858781064725224 0.000222898043191143 0.29027840752004425 -0.010836482044665585 0.39361449021595557 0.44055450342518354 0.4419238933431635
2 0.50625 0.4583333333333333 5.668243691886881e-17 0.4583333333333333 8.661824756469299e-17 0.9472222222222222 0.5062500000000001 0.9472222222222222