14 0.22442305479452054 2.335287451767782e-17 0.08904109589041095 1.3267006990762993e-17 0.08904109589041095 0.06388888888888891 0.22442305479452054 0.06388888888888891
14 0.31735159817351594 0.22222222222222235 0.22902332692824232 0.17131724484665672 0.21461187214611877 0.20833333333333343 0.30294014339139236 0.259238310708899
14 0.32191780821917804 0.5222222222222223 0.3070305767687872 0.4638587611472644 0.23478837944115927 0.4911364184140756 0.24967561089155 0.5494998794890334
14 0.3766562371274069 0.3017402431222009 0.2945021428759236 0.1936265728300277 0.10112709138555113 0.4111431008743869 0.18328118563703447 0.51925677116656
14 0.32725941242353757 0.513364779874214 0.17890066339278027 0.46179245283018877 0.16322047040578966 0.5285639412997903 0.31157921943654704 0.5801362683438155
14 0.670760510155881 0.5181034482758621 0.5602267359470949 0.40431034482758627 0.46410014170996694 0.542528735632184 0.574633915918753 0.6563218390804598
14 0.9192044839695329 0.024608177267876386 0.6971804394867523 -0.03183674150361665 0.5255327651155197 0.9676022767698328 0.7475568095983003 1.024047195541326
14 0.5934604599774835 0.4539348306959333 0.5662100456621004 0.325 0.4619494150635983 0.3576186830015314 0.48919982937898154 0.48655351369746475
14 0.35388127853881285 0.6611111111111112 0.29223744292237447 0.5861111111111111 0.1506849315068493 0.7583333333333335 0.21232876712328766 0.8333333333333335
14 0.4452054794520549 0.8416666666666667 0.2374429223744293 0.8416666666666667 0.23744292237442932 1 0.4452054794520549 1
14 0.2868096838114931 0.24533542976939202 0.2316705436374602 0.12458071278826001 0.05643146377186183 0.24302935010482182 0.1115706039458947 0.36378406708595384