14 0.1415525114155252 0.7777777777777778 8.94719122664733e-17 0.7777777777777778 1.0065590129978245e-16 1 0.14155251141552522 1
14 0.29924421350968355 0.7365900383141762 0.27003621476932765 0.721360153256705 0.23106597386238387 0.8319923371647511 0.2602739726027397 0.8472222222222224
14 0.5406848324567398 0.8045613400819474 0.5182648401826484 0.7166666666666666 0.47029487217583377 0.7347794649313085 0.49271486444992524 0.8226741383465894
14 0.5158274831505972 0.8853412241416081 0.33704677516893217 0.6500682448283216 0.24818622424385836 0.7500223928342931 0.4269669322255234 0.9852953721475795
14 0.5429023764290238 0.7152108678021087 0.48969436389694376 0.7077412814274129 0.47177615571776166 0.8966788321167886 0.5249841682498417 0.9041484184914844
14 0.6277679290894439 0.4054705882352942 0.5135374697824335 0.29254901960784324 0.42191243620735963 0.4297516339869282 0.5361428955143701 0.5426732026143791
14 0.9757488925600503 0.21025257915332635 0.030252969011174302 -0.03011976757974619 -0.016140114910600713 0.24000948654097007 0.9293558086382753 0.4803818332740426
14 0.4885844748858447 0.5138888888888888 0.462395917271018 0.38643790849673204 0.3560300832661832 0.4187908496732027 0.38221864088101 0.5462418300653594
14 0.773972602739726 0.8500000000000002 0.632420091324201 0.677777777777778 0.5707762557077626 0.752777777777778 0.7123287671232879 0.9250000000000002
14 0.9659316375387617 0.6192444829912308 0.7876712328767125 0.5666666666666669 0.7442823367272987 0.7844246892165369 0.9225427413893479 0.8370025055411007
14 0.3863013698630138 0.9761111111111114 0.2968036529680365 0.7583333333333333 0.1926940639269406 0.8216666666666667 0.28219178082191787 1.0394444444444448