14 0.8746360611790612 0.6864781692261367 0.8106077215826133 0.37434989461005724 0.670755642787046 0.41975308641975306 0.734783982383494 0.7318813610358325
14 0.703631010794897 9.400298115677368e-17 0.4921491658488714 7.771215490885673e-17 0.4921491658488714 0.18580246913580253 0.703631010794897 0.18580246913580256
14 0.6945044160942101 9.637186867958334e-17 0.5480863591756624 8.509302285039908e-17 0.5480863591756624 0.10679012345679022 0.6945044160942101 0.10679012345679023
14 0.8145781868633883 0.23387398893146025 0.7330784068221039 0.14273733503618571 0.6846468816622109 0.21128139633886772 0.7661466617034953 0.30241805023414225
14 0.8968161914087146 0.25034104851623096 0.8687773405795225 0.019103222631203155 0.7822363306056349 0.03571062172035409 0.810275181434827 0.2669484476053819
14 0.38518155053974484 5.3514041303482186e-17 0.3066732090284593 4.746640278917426e-17 0.3066732090284593 0.06604938271604943 0.38518155053974484 0.06604938271604943
14 0.38004134779444904 0.7365235682953479 0.29559215802936534 0.6400910946416615 0.1665909362394801 0.8188815513324555 0.25104012600456377 0.9153140249861421
14 0.4783875321951514 0.4839675535945092 0.42568243092435076 0.4670664527343229 0.3934015439501458 0.6263832063110043 0.44610664522094645 0.6432843071711906
14 0.5608741601872124 0.43116809116809124 0.49891296142522845 0.3705413105413105 0.3655922095568808 0.5861823361823362 0.4275534083188647 0.6468091168091169
14 0.4995750093032652 0.4003602976821643 0.46115788254465373 0.3530480708916077 0.4037874700038413 0.42677358245424346 0.4422045967624527 0.47408580924480004
14 0.21257445959513294 0.992323568764768 0.20907522634887185 0.7678153557092836 0.09960972121543102 0.7705155578330062 0.10310895446169212 0.9950237708884905
14 0.25844757118820716 0.37781805731778556 0.18419075093612886 0.3343989285642359 0.12475189987304836 0.49527964070650327 0.1990087201251267 0.5386987694600529
14 0.20314033366045142 2.354799246508645e-17 0.10255152109911678 1.5799455618629432e-17 0.10255152109911678 0.09444444444444446 0.20314033366045142 0.09444444444444448