14 0.5998788865219369 0.8907521830773861 0.5637880274779196 0.7148148148148148 0.3156782115416837 0.795364046973803 0.35176907058570095 0.9713014152363745
14 1.0181239043251147 0.5939065936587625 0.7833018516081216 0.4481700363980416 0.7036054736949628 0.6513997888842997 0.938427526411956 0.7971363461450206
14 1.003834868177936 0.9600674240325111 0.9947298094312795 0.7309796496413288 0.8688423690528342 0.738898125057726 0.8779474277994906 0.9679858994489083
14 1.0168725859223837 0.5940886031636183 0.8692624111718361 0.5021778457690604 0.7977673506764364 0.6838985108694994 0.9453775254269841 0.7758092682640574
14 0.7839870055158878 0.7932183908045977 0.7295015397110081 0.7322903363133247 0.6570572907854219 0.8348190719455086 0.7115427565903016 0.8957471264367817
14 0.88226338534713 0.963931000062387 0.8690622143341642 0.8550602727001753 0.6852519700094609 0.8903338393606034 0.6984531410224267 0.999204566722815
14 1.0003947056094118 0.4954819095592254 0.9997465261529013 0.40660050164061834 0.9124223493730218 0.407608354581367 0.9130705288295323 0.496489762499974
14 0.9769988824139073 0.3566674831689195 0.9753323371408532 0.2357661389093014 0.8434791077222005 0.23864257737595967 0.8451456529952546 0.35954392163557775
14 0.38878304474476294 0.241702047298558 0.24545124391084686 0.08105782401150388 0.169484367601636 0.1883282594549336 0.31281616843555204 0.34897248274198767
14 0.5262894905060728 0.410539132404576 0.40105428059529497 0.3632744365160268 0.3851185277885317 0.4300996715369806 0.5103537376993095 0.4773643674255297
14 0.600565721872655 0.5057952069716776 0.4365871962131271 0.32897603485838783 0.38387115395716687 0.4063471314451707 0.5478496796166946 0.5831663035584606
14 0.6167811579980373 0.451851851851852 0.5588812561334642 0.3790123456790125 0.5206084396467124 0.42716049382716054 0.5785083415112856 0.5000000000000001
14 0.28508341511285573 0.003703703703703723 0.10744961790545357 -0.0006780159611314922 0.10534509952712454 0.13434632428995744 0.2829788967345267 0.13872804395479266
14 0.6317025492700075 0.1062000107154065 0.5048733091716165 0.027987110896803023 0.46890907840917173 0.1202846471187038 0.5957383185075626 0.19849754693730726
14 0.923987306863033 0.125423988465351 0.9212387985931535 -0.0025105884473281114 0.8217172983388609 0.0008732089753987582 0.8244658066087405 0.12880778588807787