14 0.8848476275159649 0.205443196004994 0.5793994018268532 0.0915730337078653 0.5301147845768329 0.40691635455680425 0.8355630102659446 0.5207865168539328
14 0.7683873339284776 0.797043795620438 0.629653941080712 0.6271086780210868 0.5256629732710182 0.8296147607461476 0.6643963661187838 0.9995498783454988
14 0.8777470891584495 0.3675461275955811 0.3569893902681083 0.35933917519810293 0.355187833075549 0.6320148649430276 0.8759455319658902 0.6402218173405058
14 1.0138595006347866 0.40784313725490223 0.7907744392721118 0.38133986928104596 0.7769149386373255 0.6596078431372552 1.0000000000000002 0.6861111111111114
14 0.9568345323741009 0.9972222222222226 0.9558830974531223 0.6989262314972094 0.5891804391963256 0.7017161422524198 0.5901318741173041 1.000012132977433
14 0.4300743674723143 0.7881273408239703 0.3308584592999758 0.6026342072409488 0.03422520410637787 0.9810923845193511 0.13344111227871638 1.166585518102372
14 0.4470208822799774 0.8365844038764934 0.3870664117792987 0.7697092630155511 0.3192464284150773 0.91473968897904 0.379200898915756 0.9816148298399823
14 0.5791366906474821 0.9083333333333334 0.5611510791366907 0.8805555555555558 0.5215827338129497 0.9416666666666669 0.5395683453237411 0.9694444444444446
14 0.5921652921565187 0.8189024390243903 0.5500526408141779 0.7376016260162602 0.4506931040533427 0.8603658536585367 0.49280575539568333 0.9416666666666667
14 0.5482385970706936 0.6521959190180139 0.4528658278542159 0.5974852542643075 0.3701758822497239 0.9413199426111908 0.46554865146620156 0.9960306073648973
14 0.4532374100719424 0.32500000000000007 0.4469307728498867 0.14828402082388975 0.20823487087447112 0.1686034532492685 0.2145415080965268 0.34531943242537877
14 0.4638463648491951 0.37742807625649916 0.4482607882498161 0.13813344887348353 0.007718289839532191 0.20657538994800692 0.023303866438911268 0.44587001733102255
14 0.13309352517985612 0.6916666666666667 0.10251798561151079 0.6055555555555555 0.03802014388489206 0.6601822222222222 0.06859568345323738 0.7462933333333333
14 0.4162977310459325 0.6564102564102564 0.38973436635307146 0.45128205128205123 0.12548422800221362 0.5329059829059828 0.15204759269507467 0.738034188034188