14 0.7262612612612613 0.5061486486486487 0.6197747747747747 0.4795270270270271 0.6037837837837837 0.6234459459459462 0.7102702702702703 0.6500675675675677
14 0.7904597701149425 0.47422413793103474 0.7293103448275863 0.43491379310344846 0.7037931034482758 0.5242241379310346 0.7649425287356322 0.5635344827586208
14 0.7270910698496906 0.5119761273209551 0.6207515473032715 0.47839522546419116 0.6008576480990275 0.6201392572944299 0.7071971706454466 0.6537201591511939
14 0.4201219512195122 0.4208536585365855 0.3367073170731708 0.4069512195121952 0.32979674796747976 0.5002439024390245 0.41321138211382114 0.5141463414634148
14 0.49833333333333335 0.38499999999999995 0.4796666666666667 0.301 0.36766666666666664 0.35700000000000004 0.3863333333333333 0.44099999999999995
14 0.5766501650165017 0.4247524752475249 0.5352640264026404 0.3739603960396042 0.49872937293729386 0.4409405940594061 0.5401155115511552 0.4917326732673269
14 0.3145661605206074 0.386263557483731 0.28618582791033986 0.3053796095444686 0.19571945046999278 0.3768004338394794 0.22409978308026032 0.4576843817787419
14 0.27440251572327046 0.2993867924528302 0.27278616352201257 0.24362264150943397 0.2050880503144654 0.24803773584905658 0.20670440251572325 0.30380188679245285
14 0.2600000000000001 0.3125000000000001 0.2134700315457414 0.3041246056782335 0.20974763406940067 0.3506545741324922 0.25627760252365933 0.3590299684542588
14 0.37759999999999994 0.3723 0.3730666666666666 0.32470000000000004 0.33013333333333333 0.33390000000000003 0.3346666666666666 0.38150000000000006
14 0.4029268292682927 0.26298780487804885 0.355 0.25500000000000006 0.35077235772357723 0.31207317073170737 0.39869918699186996 0.32006097560975616
14 0.5331065088757396 0.2811834319526628 0.4948816568047337 0.2575739644970415 0.4866666666666667 0.2875000000000001 0.5248915187376726 0.3111094674556214
14 0.17133333333333337 0.32400000000000007 0.15833333333333335 0.28500000000000003 0.09900000000000002 0.3295 0.112 0.3685
14 0.062459016393442625 0.3994262295081967 0.04346994535519126 0.3652459016393442 0.011830601092896178 0.40479508196721303 0.030819672131147537 0.43897540983606553
14 0.9266666666666665 0.36250000000000004 0.8976666666666667 0.3480000000000001 0.89 0.3825000000000001 0.9189999999999998 0.3970000000000001
14 0.9633333333333332 0.42749999999999994 0.9576029962546814 0.3902528089887641 0.9366666666666666 0.3975 0.9423970037453184 0.4347471910112358
14 0.9966666666666667 0.4775 0.9916666666666667 0.4299999999999999 0.9714684684684685 0.4347837837837837 0.9764684684684685 0.4822837837837838
14 0.92 0.4625 0.9183333333333333 0.44 0.9033333333333333 0.4425 0.905 0.465