14 0.49 0.5875 0.472 0.5065000000000001 0.4159999999999999 0.5345 0.43399999999999994 0.6154999999999999
14 0.2215333333333333 0.3136 0.2098 0.1904 0.15869999999999998 0.20135000000000003 0.17043333333333333 0.32455
14 0.4433333333333334 0.7675 0.3702564102564103 0.745576923076923 0.351923076923077 0.8830769230769231 0.4250000000000001 0.905
14 0.47857439733998336 0.497768079800499 0.3240315876974231 0.2415523690773069 0.208383208645054 0.3985037406483791 0.3629260182876143 0.6547194513715712
14 0.48426555447999997 0.06383666696000002 0.4753766656266667 -0.009496666079999994 0.39880444447999996 0.011386666959999996 0.4076933333333333 0.08472000000000002
14 0.5776666666666667 0.23199999999999996 0.5683333333333332 0.19 0.5493333333333332 0.19949999999999998 0.5586666666666666 0.24149999999999994
14 0.5866666666666667 0.7074999999999999 0.5783333333333334 0.6699999999999998 0.5583333333333333 0.6799999999999998 0.5666666666666667 0.7174999999999998
14 0.5929897435897437 0.5931230769230771 0.5649179487179488 0.5729846153846156 0.5435948717948719 0.6398615384615386 0.5716666666666668 0.6600000000000001
14 0.644051282051282 0.41188461538461546 0.5808717948717947 0.3860384615384616 0.5477179487179487 0.5683846153846155 0.610897435897436 0.5942307692307692
14 0.5833333333333334 0.04250000000000014 0.5716666666666667 0.025 0.5433333333333333 0.0675 0.555 0.08500000000000014
14 0.5888014981273408 0.1136235955056181 0.5544756554307116 0.10174157303370794 0.5471161048689138 0.14957865168539333 0.5814419475655431 0.1614606741573035