5 0.44313082041892965 0.9992864680287118 0.4428772723094247 0.9244897757247516 0.2317215065995603 0.9252055579813953 0.23197505470906524 1.0000022502853554
5 0.1250000000000001 0.825 1.0235155713707218e-16 0.825 1.130246941713078e-16 0.9993055555555556 0.1250000000000001 0.9993055555555556
5 0.22764469504700793 0.7881415704959377 0.0077868361825408445 0.6553561309837347 -0.0660058420724991 0.7775374507174895 0.15385201679196797 0.9103228902296924
5 0.8787118000353294 0.6575649178590355 0.8342850203144322 0.5553833245009716 0.699752693870341 0.6138756403462285 0.7441794735912383 0.7160572337042925
5 0.7845179738562091 0.5237336601307191 0.47504084967320265 0.4463643790849674 0.42332516339869286 0.6532271241830065 0.7328022875816994 0.7305964052287582
5 0.6503020925434719 0.8417127173592692 0.6305039787798409 0.7476716769820219 0.563796787503684 0.7617152961980548 0.583594901267315 0.8557563365753021
5 0.8242069339555067 0.7488449376803589 0.6740565072348091 0.7282763860747836 0.6521371850760321 0.8882874378338553 0.8022876117967296 0.9088559894394305
5 0.10388888888888896 0.5612500000000001 0.0718055555555556 0.5505555555555557 0.05305555555555558 0.6068055555555557 0.08513888888888894 0.6175000000000002
5 0.48749999999999993 0.4048611111111111 0.48109895372826406 0.37029546124373713 0.43872494842322424 0.37814249926318894 0.4451259946949601 0.4127081491305629
5 0.44931992337164744 0.4522557471264369 0.44203544061302674 0.3648419540229886 0.265713601532567 0.3795354406130269 0.2729980842911877 0.46694923371647523
5 0.3710945463812436 0.6051478083588175 0.2991144240570846 0.4714704383282365 0.12170616717635062 0.5669979612640164 0.19368628950050967 0.7006753312945974
5 0.4773467432950192 0.6746886973180076 0.426704980842912 0.6717097701149425 0.4248754789272031 0.7028113026819924 0.4755172413793104 0.7057902298850576
5 0.5661306860551828 0.5895553691275168 0.4121411260253543 0.4817626771066369 0.3253262490678599 0.6057839299030576 0.47931580909768834 0.7135766219239374
5 0.9882232704402515 0.5726074423480085 0.9084591194968553 0.5180319706498953 0.8606629979035639 0.5878878406708595 0.9404271488469601 0.6424633123689728
5 0.883395922746781 0.6492906533142585 0.7611587982832618 0.5033947305674774 0.6912875536480687 0.5619355030996662 0.8135246781115879 0.7078314258464473
5 0.9012409598948061 0.8792283037475345 0.8852358645627877 0.8408160749506903 0.8524942472057856 0.8544584155161077 0.868499342537804 0.8928706443129519
5 1 0.7277777777777777 0.9402777777777778 0.7277777777777777 0.9402777777777778 0.8020833333333334 1 0.8020833333333334
5 1 0.8208333333333333 0.9305555555555556 0.8208333333333333 0.9305555555555556 0.9458333333333333 1 0.9458333333333333
5 1.0287342410489158 0.6751426710371491 0.9753162296184232 0.6116185493360229 0.8637075558917464 0.705471297697092 0.9171255673222388 0.7689954193982182
5 0.37251721950335337 0.7836582381729201 0.27344843211890524 0.7537506797172375 0.24814845024469823 0.8375568696755484 0.34721723762914636 0.8674644281312308
5 0.22390340267698758 0.8061512256087727 0.21900802289953233 0.7457748750201583 0.16821581196581195 0.7498931623931625 0.17311119174326722 0.8102695129817771
5 0.2901825570111596 0.8807441775836973 0.24118449781659396 0.808536511402232 0.18361535662299855 0.8476012857836003 0.2326134158175642 0.9198089519650655
5 0.11861449864498648 0.712669376693767 0.1141768292682927 0.6727303523035231 0.08384146341463414 0.6761009485094851 0.08827913279132792 0.7160399728997291
5 0.08715621562156212 0.6735767326732673 0.0673542354235423 0.6493743124312431 0.0336221122112211 0.6769733223322332 0.05342409240924092 0.7011757425742574
5 0.03224434082576119 0.6465247887772996 0.026699744938625862 0.605494779212498 -0.004155706998246453 0.6096644348796428 0.001388888888888879 0.6506944444444445
5 0.03611111111111119 0.6055555555555555 7.496709398947165e-17 0.6055555555555555 7.815627836225121e-17 0.6576388888888889 0.03611111111111119 0.6576388888888889
5 0.7514253586190128 0.6828303549720401 0.7116505592025286 0.6557834913688309 0.6868511427182107 0.692253221492828 0.7266259421346948 0.7193000850960373
5 0.8293528064146624 0.9249284077892327 0.7945589919816726 0.9094644902634594 0.7776059564719361 0.9476088201603668 0.8123997709049257 0.96307273768614
5 0.8443807704552688 0.5503681152499204 0.8284722222222223 0.5222222222222223 0.7987702960840497 0.5390102674307546 0.8146788443170964 0.5671561604584526
5 1.000693618052801 0.5971635484155319 0.9992540438097758 0.49495377716073874 0.8387029507690951 0.4972150601613117 0.8401425250121204 0.5994248314161048
5 0.9726755629034798 0.4066128037579385 0.7769386710754212 0.39757879336587426 0.7679459927570462 0.5924201569306672 0.9636828845851049 0.6014541673227314
5 0.31823681078936933 0.45245245493410907 0.31758809334920013 0.40639351668209267 0.22314282251311213 0.40772373176429105 0.22379153995328135 0.45378267001630745
5 0.6157478632478633 0.47512820512820514 0.5941239316239317 0.4372863247863249 0.5120833333333334 0.4841666666666668 0.5337072649572651 0.5220085470085472
5 0.6746111111111112 0.4124444444444445 0.6262777777777779 0.3480000000000001 0.5608333333333335 0.3970833333333334 0.6091666666666667 0.4615277777777778
5 0.5499874308697839 0.5726527149321268 0.5465277777777777 0.5000000000000001 0.44794180492709906 0.5046945701357467 0.45140145801910514 0.5773472850678734
5 0.6187591240875913 0.5482735198702352 0.5310979318734794 0.545904298459043 0.5292427007299271 0.6145478507704786 0.616903892944039 0.6169170721816708
5 0.9555555555555556 0.39166666666666683 0.5347222222222222 0.3916666666666667 0.5347222222222222 0.5743055555555556 0.9555555555555556 0.5743055555555557
5 0.5817579075425792 0.4328740875912409 0.5156376723438767 0.38043390105433894 0.48010239253852394 0.4252392538523926 0.5462226277372264 0.4776794403892945
5 0.18691019786910198 0.5166191019786911 0.18125 0.5041666666666667 0.15791476407914765 0.5147735920852359 0.16357496194824964 0.5272260273972603
5 0.2018958868894602 0.48613967437874894 0.17784918594687235 0.4452602827763496 0.07050664095972581 0.5084029562982005 0.09455334190231365 0.5492823479005998
5 0.4525622605363984 0.7095306513409962 0.44470601237842616 0.6671069112879457 0.4324215296198055 0.6693818155025052 0.44027777777777777 0.7118055555555556
5 0.39421546546546554 0.6794594594594595 0.3485698198198199 0.6722522522522524 0.3417905405405406 0.7151876876876876 0.3874361861861863 0.722394894894895
5 0.44277328714395703 0.7151093790094946 0.3915191172696947 0.7062724531691045 0.3818321785989224 0.7624566974595843 0.4330863484731846 0.7712936232999744
5 0.46053370786516856 0.8376872659176031 0.4413779650436954 0.8070380774032461 0.40923064918851443 0.8271301498127341 0.42838639200998757 0.8577793383270912
5 0.5189966714217784 0.7944771358376923 0.47968774766206995 0.7678485100649866 0.455389126644476 0.8037179029957204 0.49469805040418446 0.8303465287684262
5 0.4943339227821987 0.9328083554376659 0.4830680813439434 0.8792956086059535 0.44204980842911873 0.8879310344827586 0.453315649867374 0.941443781314471