2 0.9980153414001731 0.4863891289733988 0.850684600979545 0.4805734418515319 0.8470055459521754 0.5737761692115627 0.9943362863728035 0.5795918563334296
2 0.7114921337266471 0.18386799410029506 0.5919309242871189 0.17589724680432653 0.5861111111111111 0.2631944444444445 0.7056723205506393 0.2711651917404131
2 0.6758590715288668 0.3118535344217939 0.47316251832036826 0.30210850782523146 0.46867274697906114 0.3954957517244208 0.6713693001875597 0.4052407783209832
2 0.5369563851181499 0.4753896430367019 0.5344959778783309 0.4237210910005028 0.4594017094017095 0.4272970085470086 0.4618621166415285 0.47896556058320766
2 0.6957059767348576 0.605002507019655 0.6679512635379061 0.49611863217007623 0.5373570998796631 0.52940734055355 0.5651118130766145 0.6382912154031287
2 0.6360660660660661 0.6286186186186187 0.4995270270270271 0.5866066066066067 0.47406156156156165 0.6693693693693695 0.6106006006006006 0.7113813813813815
2 0.7800600600600603 0.7968881381381381 0.6839189189189191 0.7817079579579579 0.673828828828829 0.8456118618618619 0.7699699699699702 0.8607920420420421
2 0.6100060815253123 0.8788520710059174 0.5730381328073637 0.8568584812623276 0.5296689677843525 0.9297555884286655 0.5666369165023011 0.9517491781722555
2 0.8621829299041855 0.6825016809547825 0.8367685745503446 0.5730244578920828 0.6725645066397714 0.6111432593713229 0.6979788619936124 0.7206204824340227
2 0.8074567395264116 0.7743852459016394 0.8004781420765028 0.6976206739526413 0.5557832422586522 0.7198656648451731 0.5627618397085611 0.7966302367941712
2 0.8168055555555556 0.7872222222222222 0.8116666666666666 0.7718055555555554 0.7983333333333332 0.77625 0.8034722222222223 0.7916666666666666
2 0.8548611111111111 0.7083333333333335 0.8247112983770287 0.6894897003745319 0.8125780274656679 0.7089029338327093 0.8427278401997502 0.7277465667915107
2 0.8634722222222224 0.7397222222222224 0.7961944444444445 0.7301111111111114 0.7922222222222224 0.7579166666666669 0.8595000000000002 0.7675277777777781