8 0.40178714107365787 0.10051279650436956 0.34929088639200995 0.05625124843945068 0.27742290886392007 0.1414900124843945 0.329919163545568 0.18575156054931338
8 0.5942175733689915 0.17446986847146956 0.5783611326154785 0.05933832039161408 0.37433849633643773 0.0874372463462125 0.3901949370899508 0.20256879442606796
8 0.2643873415856175 0.3389972001178898 0.05413572060123788 0.2784162245800177 0.03090664603595642 0.3590347774830533 0.24115826702033602 0.4196157530209254
8 0.49108649104593816 0.4199541482827234 0.38792192952100807 0.3263124693600946 0.2521489387778643 0.4758928828906769 0.3553135003027944 0.5695345618133056
8 0.5697929769392034 0.6705948637316561 0.47855607966457037 0.6534879454926624 0.46005765199161436 0.7521462264150944 0.5512945492662473 0.7692531446540881
8 0.460345108442707 0.6329916379658072 0.3190647398305874 0.6090458127773123 0.3023988488628255 0.707374569487108 0.443679217474945 0.7313203946756028
8 0.26447869101978694 0.6041191019786911 0.22717846270928457 0.5046518264840182 0.06325152207001522 0.5661244292237443 0.10055175038051753 0.6655917047184171
8 0.19125964010282784 0.9004141673807484 0.14330905455584136 0.8722079405884035 0.1344544415881178 0.8872607826335336 0.1824050271351043 0.9154670094258784
8 0.22412340619307838 0.5367258652094719 0.1889344262295083 0.5335268670309655 0.18360655737704926 0.5921334244080146 0.21879553734061935 0.5953324225865211
8 0.19677973977695168 0.802672449401074 0.16011049153242465 0.7483008054522925 0.11783870301528292 0.7768096860801323 0.15450795125980996 0.8311813300289137
8 0.2545588235294119 0.7843464052287582 0.19529411764705892 0.7711764705882355 0.17021241830065365 0.8840441176470589 0.22947712418300664 0.8972140522875819
8 0.43742550941945413 0.9917195309496348 0.39150567089580934 0.840840061514802 0.2917483660130719 0.8712009803921567 0.3376682045367167 1.0220804498269895