8 0.9390305988558233 0.3587351729386451 0.8646748543536451 0.2771837112265787 0.8139951713640896 0.3233916574817617 0.8883509158662678 0.4049431191938281
8 0.9288553639846744 0.5842911877394635 0.9168869731800767 0.38082854406130257 0.7991570881226052 0.3877538314176245 0.8111254789272029 0.5912164750957855
8 0.7215837754199823 0.05413572060123791 0.6409652225169467 0.03090664603595642 0.5803842469790745 0.24115826702033602 0.6610027998821103 0.2643873415856175
8 0.6740947712418299 0.3863513071895426 0.5219065359477123 0.252798366013072 0.4303137254901961 0.3571715686274511 0.5825019607843137 0.4907245098039217
8 0.34834333333333334 0.48415222222222215 0.2556233333333334 0.45710888888888884 0.22899222222222226 0.5484155555555555 0.3217122222222222 0.5754588888888889
8 0.3909541872226877 0.3190647398305874 0.2926254305128922 0.3023988488628255 0.26867960532439733 0.443679217474945 0.3670083620341928 0.460345108442707
8 0.49581657730116174 0.22604818290140014 0.4326091003872505 0.06351467083705693 0.3329777330950253 0.10226020256181118 0.3961852100089366 0.26479371462615436
8 0.1277920594115967 0.14330905455584123 0.11273921736646675 0.1344544415881177 0.0845329905741217 0.1824050271351043 0.09958583261925165 0.19125964010282778
8 0.4638888888888889 0.1861111111111112 0.40625 0.1861111111111112 0.40625 0.2222222222222223 0.4638888888888889 0.2222222222222223
8 0.25169919454770756 0.16011049153242465 0.22319031391986782 0.11783870301528296 0.16881866997108635 0.15450795125980998 0.19732755059892607 0.19677973977695168
8 0.22354831890977817 0.19211802447030737 0.11271635332736499 0.18032738983388047 0.10615736596040985 0.24198187108325875 0.21698933154282304 0.2537725057196857
8 0.1493738615664845 0.41880692167577416 0.1393670309653916 0.3087317850637523 -0.007525045537340604 0.32208561020036436 0.002481785063752278 0.4321607468123862