2 0.30416666666666675 0.5694444444444444 0.2666666666666667 0.5694444444444444 0.2666666666666667 0.59375 0.30416666666666675 0.59375
2 0.3467235410484668 0.5977229640619849 0.33955448400923177 0.5721191889218595 0.31379615891856244 0.579331519947247 0.32096521595779753 0.6049352950873723
2 0.4235833333333334 0.22866666666666677 0.3926666666666668 0.2242500000000001 0.38888888888888895 0.2506944444444445 0.4198055555555556 0.2551111111111112
2 0.2791190332932211 0.2422808864821501 0.25602436823104696 0.22743431608503814 0.2362138989169675 0.25825060168471725 0.25930856397914165 0.2730971720818292
2 0.47252478100507145 0.24714153988012919 0.4483805901337023 0.23316332411249438 0.42327685569386825 0.27652431996311677 0.4474210465652374 0.2905025357307516
2 0.5175687285223367 0.4219286941580757 0.5002076174112257 0.3767898052691869 0.4643757159221077 0.3905713058419245 0.4817368270332188 0.4357101947308134
2 0.4347313296903461 0.6145446265938068 0.38897996357012743 0.6037795992714026 0.3816848816029144 0.6347836976320583 0.42743624772313304 0.6455487249544627
2 0.5218333333333335 0.2520277777777779 0.47516666666666685 0.24536111111111122 0.4703055555555557 0.27938888888888896 0.5169722222222224 0.2860555555555556
2 0.4259747577191798 0.7162314063556459 0.40552738336714006 0.6893269664187515 0.36017016001803026 0.723798456164075 0.38061753437006995 0.7507028961009693
2 0.3151658123640882 0.33493644506575543 0.22714675882779334 0.31568227710469093 0.220967303510407 0.343931215698457 0.30898635704670185 0.3631853836595215
2 0.4600042844901457 0.3745072836332477 0.44186660954013135 0.34367323621822343 0.36132176520994 0.3910525564124537 0.37945944015995425 0.42188660382747795
2 0.45687350977587043 0.48575762994754423 0.38950584167858854 0.4798134239389605 0.38608845970433964 0.5185437529804483 0.45345612780162153 0.524487958989032
2 0.3794100988189926 0.7915458544227527 0.3448213424921668 0.7583688840684504 0.252766931790793 0.85434050373584 0.2873556881176189 0.8875174740901424
2 0.36979116271569096 0.47677793904209 0.352971294952427 0.42421585228188996 0.26855950653120464 0.45122762457668114 0.28537937429446864 0.5037897113368811