2 0.5941388888888889 0.6972777777777779 0.5715833333333333 0.6940555555555556 0.5662222222222222 0.7315833333333335 0.5887777777777778 0.7348055555555556
2 0.6063364453665283 0.673634163208852 0.5920412632549562 0.6489424850161366 0.5687183033656062 0.6624452512678654 0.5830134854771785 0.6871369294605808
2 0.25228075644222786 0.5793848711554446 0.22710065114990313 0.5781258658908284 0.2255143391521198 0.6098521058464949 0.2506944444444445 0.6111111111111112
2 0.2730971720818291 0.7406914360208584 0.24228088648215007 0.720880966706779 0.2274343160850382 0.7439756317689532 0.2582506016847172 0.7637861010830326
2 0.2904003267973856 0.5532679738562092 0.24730392156862754 0.5274101307189543 0.2329656862745099 0.5513071895424837 0.27606209150326794 0.5771650326797385
2 0.4359911079634876 0.5147623544224113 0.42019003777148256 0.4811850802644005 0.37527541706011963 0.5023213723638654 0.3910764872521247 0.5358986465218762
2 0.647343928980527 0.5748997709049257 0.6189289805269189 0.5622709049255442 0.5992840778923255 0.6064719358533793 0.6276990263459336 0.6191008018327608
2 0.2866414417699976 0.48350048626306835 0.2538050085096038 0.47724592754680295 0.24485776805251652 0.524218939946511 0.2776942013129104 0.5304734986627766
2 0.7507028961009691 0.6193824656299302 0.7162314063556455 0.5740252422808203 0.6893269664187512 0.59447261663286 0.7237984561640748 0.6398298399819699
2 0.36431184012066375 0.6919375314228255 0.3363983157365511 0.6840868526897939 0.312110985419809 0.770441804927099 0.3400245098039216 0.7782924836601307
2 0.42188660382747795 0.6205405598400459 0.3745072836332477 0.5399957155098544 0.34367323621822343 0.5581333904598687 0.3910525564124537 0.63867823479006
2 0.5244041878543458 0.5479426033082005 0.48656664620959744 0.5423600151966802 0.47664423695131236 0.6096119001695015 0.5144817785960607 0.6151944882810219
2 0.8875174740901423 0.7126443118823815 0.7915458544227524 0.6205899011810075 0.7583688840684502 0.6551786575078333 0.85434050373584 0.7472330682092073
2 0.5037897113368811 0.7146206257055314 0.4767779390420899 0.6302088372843091 0.42421585228189007 0.647028705047573 0.45122762457668114 0.7314404934687956