2 0.5972222222222222 0.30069444444444454 0.5833333333333334 0.28680555555555554 0.561111111111111 0.3090277777777778 0.575 0.3229166666666668
2 0.6358708189158016 0.32073000768935034 0.6169357939254132 0.28522683583237224 0.5976883890811224 0.29549211841599393 0.6166234140715108 0.3309952902729721
2 0.5715277777777777 0.7027777777777778 0.5509557205720572 0.6859460946094611 0.5262651265126513 0.716123487348735 0.5468371837183719 0.7329551705170517
2 0.6 0.6159722222222223 0.5572649572649573 0.6074252136752137 0.5523504273504274 0.6319978632478632 0.5950854700854702 0.6405448717948717
2 0.5670234454638123 0.618781855249745 0.5571228338430173 0.5857798165137615 0.5129714576962283 0.5990252293577982 0.5228720693170233 0.6320272680937817
2 0.4968174483948145 0.6021834835586714 0.4376881294163467 0.5974906804651422 0.43481750403382846 0.6336605602848717 0.4939468230122963 0.638353363378401
2 0.5001620885919328 0.5296099356594902 0.4996915986142045 0.4980871071516952 0.42182751794110374 0.4992492576095027 0.42229800791883204 0.5307720861172978
2 0.6029166666666667 0.4990277777777778 0.5309722222222223 0.4630555555555556 0.5019444444444445 0.5211111111111112 0.5738888888888889 0.5570833333333334
2 0.5166 0.4225888888888889 0.43128888888888894 0.40707777777777776 0.4185444444444444 0.47717222222222216 0.5038555555555556 0.4926833333333333
2 0.516623613083031 0.7764095940474314 0.48042442288478726 0.7390791791554926 0.39682685229005615 0.8201434900352317 0.43302604248829984 0.8574739049271705
2 0.6511459225211422 0.4028929708740781 0.630567478557373 0.35121821158728017 0.5111140214501374 0.39878817238219694 0.5316924654139064 0.4504629316689949