2 0.32291666666666674 0.4250000000000001 0.30069444444444443 0.4027777777777778 0.28680555555555554 0.4166666666666667 0.30902777777777785 0.438888888888889
2 0.3277356537646832 0.37398902368573095 0.31196923743500865 0.35948392066243023 0.28489673599075677 0.3889105526670519 0.30066315232043134 0.4034156556903525
2 0.7329551705170517 0.45316281628162836 0.7027777777777778 0.4284722222222223 0.685946094609461 0.44904427942794284 0.716123487348735 0.4737348734873489
2 0.6400063792640345 0.40464119437729446 0.6154383785477662 0.40012870444981663 0.6075818112633181 0.4429033485540336 0.6321498119795864 0.44741583848151145
2 0.632027268093782 0.47712793068297654 0.6187818552497452 0.43297655453618755 0.5857798165137615 0.4428771661569826 0.5990252293577983 0.4870285423037716
2 0.6404444444444446 0.5078611111111113 0.6029166666666669 0.5025000000000002 0.5946111111111113 0.5606388888888891 0.6321388888888891 0.5660000000000002
2 0.5307720861172978 0.577701992081168 0.5296099356594903 0.4998379114080673 0.4980871071516952 0.5003084013857956 0.4992492576095026 0.5781724820588964
2 0.5568605398457585 0.4271565267066553 0.5035382747786347 0.39579048843187664 0.461425307055127 0.4673825335618395 0.5147475721222509 0.4987485718366182
2 0.4930555555555556 0.4965277777777778 0.42307692307692313 0.48253205128205123 0.40603632478632484 0.5677350427350428 0.47601495726495724 0.5817307692307694
2 0.8574739049271707 0.5669739575117001 0.7764095940474314 0.483376386916969 0.7390791791554926 0.5195755771152126 0.8201434900352319 0.6031731477099438
2 0.4504629316689949 0.46830753458609353 0.4028929708740781 0.3488540774788578 0.35121821158728017 0.3694325214426269 0.39878817238219705 0.4888859785498626