2 1 0.1625000000000001 3.992858834720017e-17 0.16250000000000003 8.972238702086511e-17 0.9756944444444444 1 0.9756944444444444
2 0.4041958972604042 0.4806222947838045 0.33254680063626046 0.023550471491853464 0.24159113449558606 0.03780838672471595 0.31324023111972976 0.494880210016667
2 0.437120781190747 0.21135997345468333 0.422715206674251 0.08891259006446717 0.3617937049677664 0.09607982555934771 0.3761992794842624 0.21852720894956384
2 0.4965277777777778 6.167905692361981e-17 0.4253404652918599 -0.0021025788497950016 0.41914721362473867 0.20758322759416717 0.4903345261106565 0.20968580644396223
2 0.6513888888888889 0.04305555555555563 0.5138888888888888 0.04305555555555562 0.5138888888888888 0.2979166666666667 0.6513888888888889 0.2979166666666667
2 0.7861111111111111 0.10138888888888897 0.6666666666666666 0.10138888888888897 0.6666666666666666 0.35902777777777795 0.7861111111111111 0.35902777777777795
2 0.9527777777777777 0.051388888888889005 0.7611111111111111 0.051388888888889 0.7611111111111111 0.35763888888888906 0.9527777777777777 0.35763888888888906
2 0.25139054081528917 0.3103199654366169 0.19407352343194056 0.09591186337297956 0.049894149639117605 0.13445486428789266 0.10721116702246619 0.34886296635152997
2 1 0.8208333333333333 0.626388888888889 0.8208333333333333 0.626388888888889 0.9993055555555556 1 0.9993055555555556
2 0.35147185267488895 0.9992222230416175 0.35128190316057195 0.9135549920846403 -0.000049826069666084974 0.9143339981361485 0.00014012344465091518 1.0000012290931257
2 0.18318937939859248 0.8720236191085519 0.0020833333333334122 0.8194444444444444 -0.02727127319257825 0.9205547558114735 0.15383477287268083 0.9731339304755809
2 0.7097215924799558 0.00022289804319119237 0.6063855097840445 -0.01083648204466555 0.5580761066568365 0.4405545034251836 0.6614121893527478 0.4516138835130404
2 0.5416666666666666 3.882300443130325e-17 0.052777777777777785 8.887193785479057e-18 0.05277777777777782 0.50625 0.5416666666666666 0.50625