5 0.6262713675213676 0.5967735042735043 0.5930662393162394 0.5540811965811966 0.5371047008547009 0.5976068376068376 0.570309829059829 0.6402991452991453
5 0.06130259887731935 0.44106354715687546 0.014126976475125395 0.41856440416505986 -0.019613435745811317 0.4893104297896045 0.027562186656382635 0.5118095727814201
5 0.2729262950125169 0.4407411419218178 0.2216264683227422 0.43860364914307726 0.21888479684190262 0.5044037646832275 0.2701846235316773 0.506541257461968
5 0.622977651872836 0.5463113786591124 0.6206684765502046 0.44932601510859305 0.5696722536984576 0.4505402108907775 0.5719814290210891 0.5475255744412968
5 0.5441430817610063 0.43404088050314465 0.4967112159329141 0.3486635220125786 0.43798480083857444 0.3812893081761006 0.4854166666666667 0.4666666666666667
5 0.6663179891962373 0.6407015460556953 0.6006222641333707 0.6129633510291516 0.5709596488777127 0.6832169134767626 0.6366553739405793 0.7109551085033065
5 0.2463712945190872 0.4848931008743869 0.17801530177010022 0.4109570270846662 0.10847328854766469 0.4752505864789934 0.17682928129665174 0.549186660268714
5 0.20594897472579884 0.5955412494039104 0.11551621363853128 0.5398903195040535 0.03037076776347164 0.6782516690510254 0.12080352885073921 0.7339025989508823
5 0.7777777777777778 0.5305555555555557 0.6736111111111112 0.5305555555555557 0.6736111111111112 0.7673611111111112 0.7777777777777778 0.7673611111111112
5 0.4084621993127148 0.6436927262313862 0.3101793109525069 0.5047410564807473 0.2124344655916821 0.5738776544188917 0.31071735395189004 0.7128293241695305
5 0.5592968003820439 0.6573018147086914 0.37973256924546317 0.3906761381725565 0.26947866921362623 0.4649287647246099 0.4490429003502069 0.731554441260745
5 0.6100322761004372 0.9960881112127682 0.6063459388024806 0.9352635457964826 0.5571579241638711 0.9382446375927619 0.5608442614618278 0.9990692030090474
5 0.813888888888889 0.9993055555555557 0.8132069462304141 0.9256557484402534 0.6632326641901224 0.9270443991998859 0.6639146068485975 1.000694206315188
5 0.6552683832949013 0.8368680075155863 0.6230367665898027 0.7334582372533948 0.4235496199504655 0.7956360491929285 0.45578123665556414 0.8990458194551201
5 0.5138888888888891 0.7625 0.06111111111111121 0.7625 0.06111111111111122 1 0.5138888888888891 1