5 0.6406517094017095 0.43215811965811973 0.6018696581196582 0.37398504273504274 0.5566773504273504 0.4041132478632479 0.5954594017094017 0.4622863247863249
5 0.5118095727814201 0.9724378133436176 0.4410635471568757 0.9386974011226809 0.41856440416506013 0.9858730235248749 0.48931042978960465 1.0196134357458115
5 0.5065412574619681 0.7298153764683227 0.4407411419218179 0.7270737049874831 0.4386036491430773 0.7783735316772578 0.5044037646832275 0.7811152031580972
5 0.5465277777777777 0.37777777777777777 0.45 0.37777777777777777 0.45 0.42916666666666664 0.5465277777777777 0.42916666666666664
5 0.4667200854700855 0.5134615384615385 0.43355769230769226 0.4554273504273505 0.348525641025641 0.504017094017094 0.3816880341880342 0.5620512820512821
5 0.7068769959255589 0.3587166886906729 0.6337779429578241 0.3366169750027531 0.6131097896707411 0.4049808666446427 0.6862088426384759 0.42708058033256263
5 0.5487998166746374 0.8248029252351349 0.4913504304160689 0.7533793639406985 0.4111272517136937 0.8179067033317395 0.4685766379722622 0.8893302646261759
5 0.7302540650406507 0.8653523035230352 0.5838279132791329 0.7977710027100271 0.5386246612466126 0.8957113821138211 0.6850508130081303 0.9632926829268291
5 0.7673611111111112 0.2222222222222223 0.5305555555555556 0.2222222222222223 0.5305555555555556 0.32638888888888895 0.7673611111111112 0.32638888888888895
5 0.7129466966966969 0.6876801801801803 0.6421358858858859 0.5903153153153152 0.5045533033033033 0.6903753753753753 0.5753641141141141 0.7877402402402403
5 0.7310247747747749 0.5471846846846847 0.6523836336336337 0.437087087087087 0.3918543543543543 0.6231794294294294 0.4704954954954955 0.733277027027027
5 1.0057939858244733 0.4263445903689807 0.9905995934959348 0.3785907859078592 0.9313516260162601 0.39744241192411933 0.9465460183447988 0.4451962163852409
5 0.9993055555555556 0.18611111111111123 0.927134531123494 0.18544286088488843 0.925745642234605 0.3354428608848884 0.9979166666666666 0.3361111111111112
5 0.89904581945512 0.5442187633444358 0.8368680075155863 0.34473161670509866 0.7334582372533949 0.3769632334101973 0.7956360491929285 0.5764503800495344
5 1 0.48611111111111127 0.7625 0.48611111111111127 0.7625 0.9388888888888889 1 0.9388888888888889